4
2
7
3
1
1
19
6
16
37
3
6
5
6
1
8
15
9
2
11
1
6
2
1
3
2
3
92
4
7
4
2
4
23
5
7
8
11
2
2
3
6
4
4
13
4
4
1
2
11
7
2
5
2
1
7
1
2
9
7
16
4
9
1
3
1
1
8
1
8
3
26
6
2
1
4
2
2
13
6
6
3
3
1
4
4
20
5
16
2
3
1
9
11
2
6
9
9
7
1
16
5
6
2
2
2
4
4
5
19
7
10
4
12
9
1
2
2
4
4
13
4
2
6
5
1
34
4
8
3
4
35
3
12
16
1
4
6
15
7
4
15
4
4
1
2
2
3
6
3
2
4
8
2
2
1
2
6
7
10
16
2
3
7
8
8
5
2
2
6
9
2
13
5
3
2
8
3
6
16
5
2
1
1
1
2
1
5
1
1
9
6
3
5
6
6
7
1
4
2
8
21
1
1
2
1
7
8
1
6
9
5
19
11
3
1
4
2
5
1
1
6
8
7
6
5
2
4
5
14
1
2
4
5
1
1
1
5
44
4
15
1
6
1
2
4
2
4
2
8
14
6
1
2
9
7
3
19
2
9
2
10
1
4
3
10
40
6
2
2
6
13
36
5
7
1
1
1
10
10
4
13
4
3
2
3
16
2
1
9
3
1
6
1
13
7
5
8
3
6
4
26
16
1
2
3
5
10
4
4
2
8
19
2
1
1
1
1
5
57
3
3
3
4
6
4
5
17
6
2
7
9
8
11
5
12
2
11
14
8
13
2
7
2
4
6
11
2
4
3
6
1
2
1
2
6
1
1
12
2
9
10
2
53
3
19
7
4
1
1
4
1
2
10
5
10
8
13
10
1
6
2
7
3
1
12
2
12
2
1
1
5
1
6
2
7
3
2
3
3
2
11
1
4
4
7
6
4
4
1
2
6
15
2
2
1
6
3
3
3
4
9
4
8
1
2
11
31
12
1
7
7
11
6
2
1
1
11
12
6
8
2
11
11
6
10
1
1
2
1
1
1
2
44
3
2
4
1
13
1
6
2
2
3
8
7
2
1
4
2
2
8
2
13
12
6
7
3
2
1
16
4
6
1
3
2
3
1
9
12
2
10
26
8
7
28
1
8
4
1
2
1
3
23
1
3
12
2
5
1
1
2
4
5
2
11
26
2
1
11
2
4
1
2
1
23
4
1
10
12
4
1
4
7
5
1
4
2
2
15
1
6
4
3
6
8
4
4
28
5
25
3
1
3
7
3
1
27
11
8
2
2
4
4
4
4
4
2
1
3
10
14
4
21
6
8
10
6
6
2
63
2
9
3
10
3
2
2
8
8
2
10
24
1
15
4
2
27
4
3
5
8
3
8
7
4
2
5
4
5
1
1
13
1
17
27
1
2
1
2
10
2
4
8
2
5
3
1
10
3
4
11
1
2
1
7
1
2
4
1
5
2
1
6
20
1
2
5
6
2
8
6
4
1
2
12
4
3
1
6
1
8
4
12
4
2
1
1
4
1
6
8
1
12
2
8
7
1
7
8
1
1
23
2
2
9
6
1
1
4
8
2
1
2
9
8
3
2
107
9
1
6
2
10
1
2
5
9
14
5
2
4
10
2
6
8
4
4
2
8
1
1
4
5
2
1
4
1
4
2
2
6
2
1
1
2
9
7
21
1
4
1
4
13
7
2
9
11
1
3
12
4
2
3
6
32
1
1
3
4
1
1
2
2
6
4
1
11
5
16
8
1
2
12
2
6
11
4
4
2
5
7
14
20
6
20
2
1
3
2
7
8
7
5
6
5
2
14
5
4
3
7
3
2
1
8
4
8
1
2
1
6
7
5
13
8
1
2
7
2
4
15
7
41
22
3
1
8
2
12
25
8
7
3
3
4
6
10
3
23
4
9
3
4
2
3
1
1
4
3
6
4
5
2
7
15
4
2
3
4
1
2
2
1
11
2
4
2
9
8
2
6
5
1
2
1
6
2
14
4
3
1
2
2
12
4
3
2
5
7
7
2
8
5
4
5
43
6
13
3
9
2
6
9
4
2
1
4
5
1
3
29
3
2
6
15
1
1
11
8
5
2
8
7
2
13
4
6
5
24
3
2
2
4
2
11
3
10
8
7
4
3
6
2
4
3
5
7
35
10
2
6
81
6
10
2
4
14
1
1
4
11
16
2
4
2
1
6
1
4
2
2
4
16
12
9
2
7
10
1
4
2
1
1
2
38
7
2
7
3
29
3
2
1
1
1
6
2
6
9
2
3
10
1
8
6
1
4
2
4
9
42
4
1
6
20
4
2
2
2
2
10
4
13
4
8
3
1
4
3
2
4
1
1
2
4
1
1
8
2
6
4
16
6
1
1
3
6
2
6
7
4
3
21
3
8
1
9
1
3
2
2
13
13
14
9
4
4
1
12
2
5
22
4
3
8
9
14
2
8
8
2
37
2
1
2
1
1
4
3
1
4
1
8
3
3
3
4
6
2
4
9
1
32
2
3
11
2
4
9
1
1
7
3
2
27
6
6
1
6
40
7
8
4
4
2
2
2
1
4
2
1
10
4
